318.12
316.01
312.64
320.95
320.51
314.76
319.04
310.03
303.23
298.23
305.174
310.889
310.7
306.4
310.49
310.77
328.931
326.44
332.54
326.756
332.21
363.39
358.16
362.7
361.08
364.03
359.002
358.74
358.892
356.18
343.56
350.31
354.378
349.53
356.22
367.396
369.17
366.18
364.94
362.57
368.92
372.31
376.64
381.37
386.71
393.62
392.3
384.66
385.96
384.49
386.95
384.89
387.78
382.19
381.25
384.24
388.97
387.65
395.96
395.19
402.2
402.92
399.2
404.39
398.08
393.37
398.79
397.97
396.44
393.63
398.03
401.92
401.01
397.66
390.98
397.54
395.87
395.8
399.61
407.05
404.54
399.87
387.6
386.28
394.43
384.2
403.01
358.69
346.15
347.95
346.45
354.59
361.08
360.87
361.79
349.25
357.2
357.35
353.65
347.38
349.8
346.76
351.78
358.32
359.8
360.13
362.1
359.78
363.9
372.37
372.16
372.06
370.53
368.82
370.64
371.51
373.74
375.04
378.77
373.23
368.97
360.62
351.85
354.71
343.41
338.47
338.29
336.365
342.99
341.96
333.62
323.0
317.76
327.07
331.805
317.11
311.73
315.91
316.08
323.68
324.91
330.87
329.32
324.58
337.15
303.83
296.58
300.38
304.13
307.89
308.01
310.05
297.38
292.71
288.32
292.24
302.86
304.64
297.62
295.19
297.7
296.755
301.19
305.01
304.91
312.24
310.82
310.16
313.78
312.55
308.84
307.19
306.78
323.57
329.67
327.5
332.41
335.2
325.91
326.27
327.62
325.62
334.38
327.0
324.2
327.24
324.16
327.44
325.69
324.57
324.78
332.39
332.85
337.492
333.55
323.81
329.97
327.92
346.2
355.32
354.44
355.9
352.454
358.66
359.76
360.84
358.14
358.61
324.01
320.41
320.0
322.51
312.99
307.06
313.65
312.32
313.89
311.45
316.8
318.33
319.32
326.28
333.21
333.63
334.53
335.13
335.78
332.91
331.59
334.02
341.83
343.18
340.02
339.04
342.38
339.0
345.95
346.38
342.34
329.75
331.33
330.52
331.19
323.89
327.76
324.0
325.0
331.32
324.5
323.63
328.21
321.93
323.21
321.82
322.44
317.46
318.41
322.74
322.2
316.98
322.7
315.37
311.39
306.45
308.31
305.97
302.86
303.64
306.21
315.33
312.97
313.18
287.06
289.97
295.59
294.12
299.07
305.46
305.72
302.81
296.52
296.64
299.86
305.11
312.01
311.51
316.48
327.82
323.05
324.93
326.54
330.54
332.63
335.64
335.04
333.57
338.64
326.0
326.31
316.5
316.93
312.63
306.64
312.5
305.84
307.36
307.32
306.07
295.06
298.88
297.73
299.9
306.54
306.285
303.03
309.09
312.04
310.3
310.35
308.52
302.19
295.29
298.42
300.46
296.93
291.41
294.74
293.27
286.95
290.74
289.44
297.25
310.32
312.39
309.66
306.75
303.91
311.78
354.53
364.47
363.55
364.75
373.89
374.28
370.56
372.995
375.14
377.17
381.83
375.43
373.37
378.995
383.66
380.14
378.59
385.37
384.8
380.16
385.655
384.61
382.72
387.83
380.09
378.56
369.51
366.37
374.24
370.58
373.35
371.92
375.135
373.24
378.49
375.11
374.09
370.96
367.35
370.56
374.59
372.1
370.255
372.25
377.04
374.41
381.2
383.54
382.65
382.36
385.11
383.45
386.04
375.56
389.51
391.18
389.8
389.99
445.1
438.56
429.31
429.37
421.78
422.87
423.04
421.19
419.1
426.88
433.69
432.85
431.02
426.87
432.28
426.0
425.24
421.71
423.86
431.63
427.63
425.47
431.42
426.57
429.23
430.92
430.99
436.59
430.78
426.95
423.5
425.48
430.77
432.97
429.92
423.67
427.26
427.81
439.39
434.92
436.29
445.99
440.84
440.1
438.1
429.86
434.09
437.39
437.71
436.04
436.72
429.7
434.39
443.51
455.57
465.57
461.19
475.48
483.01
488.1
488.0
488.27
482.18
529.42
531.41
526.03
529.0
536.76
536.15
535.03
531.9
537.01
529.46
522.62
524.0
527.46
525.91
529.66
531.52
535.22
535.02
532.92
515.78
494.47
463.37
466.37
500.77
518.37
518.01
512.89
496.54
510.55
504.72
499.0
517.54
516.89
522.24
529.44
521.38
522.37
527.39
538.87
540.26
548.39
538.4
536.07
533.75
524.25
504.06
496.07
511.89
520.72
532.54
543.68
537.48
541.94
533.16
539.8
550.19
548.9
544.83
562.44
570.76
573.15
560.88
555.77
563.91
599.03
608.61
611.01
617.1
626.55
625.9
628.35
625.31
640.95
655.65
659.37
655.49
659.68
673.25
665.6
642.35
647.81
643.3
663.54
661.27
668.45
678.99
671.15
675.34
673.26
664.8
679.06
676.01
666.25
672.64
669.83
677.33
664.79
662.32
640.15
657.91
658.64
675.77
670.65
664.14
664.51
663.15
663.7
662.79
675.2
693.97
689.07
675.89
636.99
633.79
632.65
607.94
607.05
617.74
617.89
581.81
593.0
570.18
574.48
571.77
575.02
596.38
596.53
601.25
583.35
635.35
587.0
574.81
552.1
531.07
536.26
502.13
488.1
482.07
490.48
503.82
507.08
521.1
534.1
525.0
534.9
559.5
552.94
554.04
555.15
555.23
552.52
579.04
580.21
577.49
575.14
562.8
560.26
559.47
558.93
569.61
573.37
577.02
574.27
559.44
552.08
553.98
560.48
569.63
582.95
579.87
593.86
598.69
593.64
598.5
593.19
586.14
602.08
591.43
594.6
595.93
603.17
614.82
620.75
625.89
635.35
627.9
632.99
631.0
620.5
626.2
616.88
606.57
602.0
659.59
683.85
671.32
670.9
659.09
673.95
679.75
703.07
713.23
717.93
709.92
710.66
695.27
697.45
698.52
702.8
696.75
704.2
708.35
714.91
712.24
722.79
719.44
728.24
725.54
726.73
723.74
726.64
727.65
717.91
715.24
719.3
714.26
717.51
706.39
714.01
715.82
710.6
722.08
698.96
691.36
707.95
715.6
715.62
725.68
728.1
737.61
736.57
745.81
753.78
748.21
742.63
741.2
735.44
736.07
739.95
745.72
744.43
744.86
739.61
735.59
736.67
752.61
758.81
767.74
760.58
754.64
760.77
765.98
766.56
768.31
768.56
771.24
772.56
768.49
764.04
764.63
764.46
757.31
759.48
762.45
757.25
759.22
769.0
771.29
767.58
769.16
770.62
772.44
788.87
784.48
784.06
760.14
771.49
761.01
761.09
769.69
778.52
775.1
780.22
789.74
804.7
805.75
799.16
816.11
828.72
829.05
837.31
836.74
834.03
844.36
841.66
839.43
841.71
831.0
834.09
829.28
822.96
812.95
817.65
817.69
810.32
818.99
838.09
835.18
822.59
818.36
776.32
789.82
785.41
765.56
767.03
755.05
784.93
787.75
771.88
742.38
739.01
719.07
743.24
746.49
756.4
760.16
780.0
785.33
780.12
780.37
766.77
762.52
750.57
743.65
740.34
759.36
764.72
770.42
767.33
768.66
760.12
774.34
768.82
761.0
757.77
766.0
771.22
770.6
766.34
760.59
771.4
772.13
765.15
749.87
753.67
757.18
780.45
795.99
796.92
795.9
799.02
813.64
817.14
809.72
807.48
809.04
808.33
817.88
822.44
836.52
839.15
835.77
830.38
823.48
832.35
839.95
810.2
807.64
812.5
819.71
821.36
827.46
836.53
836.39
842.7
844.14
845.07
856.44
855.61
852.19
845.24
848.64
845.04
853.08
848.91
849.88
846.61
846.02
850.5
853.0
852.46
854.59
852.53
852.97
853.42
852.31
856.97
843.2
848.06
847.38
845.61
846.82
856.0
874.32
876.34
886.54
891.51
906.83
909.28
898.28
894.88
907.04
902.36
896.23
884.67
901.99
903.78
899.2
902.06
898.53
907.41
907.62
909.29
918.38
924.99
948.23
946.94
941.03
937.53
934.15
949.04
952.82
948.95
947.62
961.35
957.97
966.07
944.76
958.49
959.84
970.67
971.54
980.35
993.38
995.78
996.7
994.62
995.95
1006.73
1011.34
1003.0
1010.07
1010.27
978.31
964.91
980.79
976.47
964.17
987.71
995.17
992.59
1002.23
1001.3
1003.74
993.98
976.78
990.33
975.93
968.0
953.66
971.4
965.14
978.76
996.47
994.13
1006.51
1000.63
1001.81
1010.04
1024.45
1026.87
1028.7
1025.67
1038.95
1039.87
1052.8
1046.0
1020.04
987.78
996.19
995.89
986.92
987.58
992.27
989.84
982.01
956.92
967.99
983.3
982.74
978.18
960.57
958.47
953.29
966.9
958.0
952.45
945.26
946.02
954.06
967.59
980.6
978.25
965.27
967.8
979.47
965.9
977.96
982.58
999.6
992.21
986.79
974.19
969.86
973.21
964.65
955.1
939.79
938.6
950.87
956.4
961.35
959.19
957.1
965.45
980.85
989.58
990.99
987.2
995.0
1000.93
1002.94
1006.34
1009.13
997.0
986.61
982.91
966.3
975.9
972.91
972.43
1100.95
1110.85
1105.28
1103.68
1094.22
1111.6
1120.66
1123.17
1132.88
1129.13
1125.35
1129.17
1136.84
1126.69
1137.29
1129.88
1126.31
1139.49
1156.16
1186.0
1195.83
1193.6
1161.27
1176.75
1162.35
1133.95
1141.57
1152.35
1159.79
1162.0
1168.92
1165.08
1164.13
1174.26
1179.14
1190.58
1187.38
1177.62
1174.76
1168.36
1176.76
1182.26
1186.1
1169.47
1189.01
1204.2
1209.59
1229.14
1246.87
1252.7
1254.33
1276.68
1305.2
1304.86
1295.0
1293.32
1294.58
1327.31
1362.54
1357.51
1377.95
1402.05
1417.68
1437.82
1450.89
1390.0
1429.95
1390.0
1442.84
1416.78
1350.5
1339.6
1386.23
1414.51
1451.05
1461.76
1448.69
1468.35
1482.92
1485.34
1500.0
1521.95
1511.98
1512.45
1493.45
1500.25
1523.61
1537.64
1545.0
1551.86
1578.89
1598.39
1588.18
1591.0
1582.32
1571.68
1544.93
1586.51
1581.86
1544.92
1495.56
1555.86
1497.05
1431.42
1447.34
1371.99
1392.05
1410.57
1451.75
1405.23
1406.08
1436.22
1427.05
1448.5
1430.79
1441.5
1503.83
1527.84
1556.91
1527.49
1517.86
1460.09
1460.17
1517.96
1572.62
1566.13
1582.26
1569.68
1572.08
1580.95
1600.14
1592.39
1608.0
1609.08
1602.91
1601.54
1576.12
1587.28
1581.76
1574.37
1585.46
1581.4
1601.86
1603.07
1610.15
1612.87
1624.89
1629.62
1641.54
1665.27
1696.35
1695.75
1689.3
1683.99
1689.12
1698.75
1704.86
1723.86
1715.97
1723.79
1734.78
1750.08
1730.22
1715.67
1663.15
1691.09
1660.51
1701.45
1699.8
1713.78
1693.96
1699.73
1710.63
1739.02
1743.07
1755.0
1796.62
1813.03
1822.49
1843.93
1842.92
1812.97
1813.7
1802.0
1829.24
1863.61
1808.0
1817.27
1779.22
1777.44
1797.17
1834.33
1823.29
1847.75
1862.48
1886.52
1898.52
1886.3
1896.2
1919.65
1882.62
1886.52
1882.22
1876.71
1883.42
1904.9
1902.9
1905.39
1927.68
1932.82
1998.1
2002.38
2012.71
2039.51
1994.82
1958.31
1952.07
1939.01
1987.15
1990.0
1989.87
1970.19
1908.03
1941.05
1926.42
1944.3
1915.01
1934.36
1974.55
